

minerror =

  1.1102e-016




 1.1102e-016